10351385380
10375471990
10379163816
10362119005
10366313914
10379901817
10375723507
10378276900
10377928211
10379903542
10359129901
10359541128
10363425452
10370678945
10377748370
10379127534
10377928092
10380662178
10371328964
10374458206
10375352452
10356297170
10367777663
10375724279
10373684474
10376944485
10374694570
10379130764
10376153607
10377748507
10379905448
10352960923
10363425525
10359128352
10359552642
10372017407
10366924336
10379903496
10376701795
10376320040
10379905499
10355405440
10377928122
10376462987
10378976660
10374692772
10379903453
10377927312
10379128700
10374694546
10360575526
10366313922
10376698344
10367515227
10379128735
10377321660
10370535141
10381398733
10381473220
10362224461
10376464572
10376151841
10376152430
10367978073
10374034104
10379903445
10362224275
10370280828
10375539994
10376462880
10363425584
10375539803
10377896948
10379240977
10377748442
10375724147
10379423400
10375360935
10346734650
10379348204
10374458230
10375723515
10379905421
10376269141
10377894716
10372143488
10378194327
10379012788
10377748566
10370995274
10368470928
10376320945
10382301490
10381267566
10379162186
10380138398
10377748353
10381473239
10370190209
10375352398
10375472083
10375360307
10376153984
10377900210
10370997480
10377748477
10377900325
10376153950
10379905464
10379460594
10382077795
10379128751
10377899335
10379239081
10360576441
10381382373
10376943748
10377900236
10376152457
10359467939
10377894805
10363315096
10375724163
10376322352
10377900023
10356297099
10373146502
10355032504
10370999334
10380341592
10380342564
10379514589
10376320937
10358342547
10360199508
10375723124
10381471490
10375539862
10363544834
10370662119
10362511266
10375360722
10376153810
10374458222
10371944096
10374692799
10356690416
10379130799
10375722837
10363544826
10378976678
10369895230
10371917730
10375539897
10381471511
10377899327
10367405588
10379349219
10376463517
10375471532
10376153887
10354428447
10363315177
10363312615
10379090681
10356568017
10357993684
10377747764
10371684892
10353573710
10354990196
10355406854
10363313875
10363389774
10364421086
10365961335
10369409955
10369894268
10370998370
10371331655
10371331710
10373216772
10373793761
10374460391
10375352189
10375723752
10376153011
10377748221
10379018662
10349514589
10355837448
10360768006
10363841081
10364423135
10365964598
10366921027
10366944140
10366944175
10367215789
10367405642
10368078254
10369907467
10369907556
10370661996
10371331175
10379241450
10377747934
10377558945
10376319530
10376269168
10380662160
10379128697
10376320082
10375724376
10375539730
10379348204