10354431456
10359067515
10360882410
10362867192
10368773653
10369892036
10370110566
10370147559
10370535184
10370661848
10370996343
10371894579
10371894706
10371944045
10371944061
10371944088
10371944150
10371944169
10371944185
10371944193
10371944207
10371944231
10371944240
10371944274
10373262960
10374275969
10374458230
10374691920
10374694520
10374694538
10374694546
10374882253
10374882296
10374920988
10375539536
10376152970
10376153712
10376319360
10376322077
10376463037
10377560044
10377899378
10378183597
10378194360
10378196478
10378812560
10378976660
10379012303
10379025812
10379128182
10379130640
10379210482
10379319077
10379806377
10370999334
10377927169
10373218384
10379506594
10372797216
10378195528
10376462928
10363843564
10375352738
10371328433
10375471281
10369907513
10371944223
10370110469
10379901159
10375722829
10377323620
10375471516
10375360099
10379240918
10375471575
10382301466
10374011481
10362512483
10371944258
10373262855
10379350004
10377897863
10376153984
10376463061
10374276043
10377926227
10377894910
10379414630
10379806644
10371944266
10375360200
10371944118
10376269141
10364447425
10379268774
10370995266
10375360986
10360186490
10379423400